time: 20:37:14.970708 count:3 size: 1M load: 1.17 1.22 1.24 3/623 5303

time: 20:37:15.188249 count:3 size: 1M load: 1.17 1.22 1.24 2/629 5333

time: 20:37:15.208809 count:3 size: 1M load: 1.17 1.22 1.24 3/629 5338